##########################################################################################
### MCD_v5.3 with climatology average solar scenario.
### Ls 15.0deg. Latitude 5.0N Altitude 0.0 m ALS Local time 1.0h (fixed at all longitudes) 
### --------------------------------------------------------------------------------------
### Column 1 is East longitude (degrees)
### Column 2 is daily min mean surface temperature (K)
### --------------------------------------------------------------------------------------
### Retrieved on: 2021-07-14T22:57:11.724129
### Mars Climate Database (c) LMD/OU/IAA/ESA/CNES
##########################################################################################
   -1.80000e+02    1.58071e+02
   -1.74286e+02    1.60062e+02
   -1.68571e+02    1.58630e+02
   -1.62857e+02    1.59252e+02
   -1.57143e+02    1.60958e+02
   -1.51429e+02    1.58102e+02
   -1.45714e+02    1.61910e+02
   -1.40000e+02    1.58469e+02
   -1.34286e+02    1.58366e+02
   -1.28571e+02    1.55103e+02
   -1.22857e+02    1.54105e+02
   -1.17143e+02    1.54948e+02
   -1.11429e+02    1.56048e+02
   -1.05714e+02    1.52543e+02
   -1.00000e+02    1.52960e+02
   -9.42857e+01    1.53352e+02
   -8.85714e+01    1.56059e+02
   -8.28571e+01    1.58113e+02
   -7.71429e+01    1.59454e+02
   -7.14286e+01    1.64521e+02
   -6.57143e+01    1.75146e+02
   -6.00000e+01    1.81752e+02
   -5.42857e+01    1.84433e+02
   -4.85714e+01    1.85337e+02
   -4.28571e+01    1.87179e+02
   -3.71429e+01    1.90738e+02
   -3.14286e+01    1.92852e+02
   -2.57143e+01    1.93132e+02
   -2.00000e+01    1.93666e+02
   -1.42857e+01    1.90491e+02
   -8.57143e+00    1.87268e+02
   -2.85714e+00    1.86857e+02
    2.85714e+00    1.86768e+02
    8.57143e+00    1.81695e+02
    1.42857e+01    1.67616e+02
    2.00000e+01    1.57408e+02
    2.57143e+01    1.55258e+02
    3.14286e+01    1.56798e+02
    3.71429e+01    1.56805e+02
    4.28571e+01    1.55306e+02
    4.85714e+01    1.58151e+02
    5.42857e+01    1.72233e+02
    6.00000e+01    1.81347e+02
    6.57143e+01    1.84808e+02
    7.14286e+01    1.83908e+02
    7.71429e+01    1.86765e+02
    8.28571e+01    1.91265e+02
    8.85714e+01    1.93238e+02
    9.42857e+01    1.91956e+02
    1.00000e+02    1.90714e+02
    1.05714e+02    1.89791e+02
    1.11429e+02    1.85371e+02
    1.17143e+02    1.82723e+02
    1.22857e+02    1.83484e+02
    1.28571e+02    1.83514e+02
    1.34286e+02    1.86022e+02
    1.40000e+02    1.85351e+02
    1.45714e+02    1.78687e+02
    1.51429e+02    1.71676e+02
    1.57143e+02    1.66647e+02
    1.62857e+02    1.62242e+02
    1.68571e+02    1.59230e+02
    1.74286e+02    1.57937e+02
    1.80000e+02    1.58071e+02
